running: bin/run_md -N 125
=======Command line arguments=======
N_atoms: 125
n_timesteps: 10000
xyz_file_output_frequency: 100
thermo_output_frequency: 100
====================================
box length: 2.419e+01 Angstrom
density: 8.832e-03 molecules/Ang^3
Beginning simulation....
 Timestep     KE          PE        TotE        Temp   Pressure
      0   3.883e-01  -8.432e-01  -4.54901e-01  150.00  -7.240e-05
    100   2.866e-01  -7.406e-01  -4.53944e-01  110.73  -6.978e-06
    200   3.629e-01  -8.163e-01  -4.53376e-01  140.20  -1.275e-05
    300   3.803e-01  -8.336e-01  -4.53215e-01  146.92  -7.262e-06
    400   3.627e-01  -8.159e-01  -4.53194e-01  140.12  6.752e-06
    500   4.062e-01  -8.594e-01  -4.53216e-01  156.90  -1.593e-05
    600   3.872e-01  -8.404e-01  -4.53236e-01  149.56  -1.466e-05
    700   3.529e-01  -8.061e-01  -4.53273e-01  136.31  1.635e-06
    800   3.679e-01  -8.212e-01  -4.53262e-01  142.12  -5.120e-06
    900   3.860e-01  -8.393e-01  -4.53262e-01  149.12  -9.962e-06
   1000   3.848e-01  -8.381e-01  -4.53308e-01  148.63  -2.986e-06
   1100   3.784e-01  -8.316e-01  -4.53252e-01  146.16  -6.739e-07
   1200   3.874e-01  -8.406e-01  -4.53230e-01  149.64  -1.307e-05
   1300   3.690e-01  -8.223e-01  -4.53234e-01  142.56  -8.396e-06
   1400   3.923e-01  -8.456e-01  -4.53252e-01  151.56  -9.029e-06
   1500   3.889e-01  -8.422e-01  -4.53281e-01  150.24  -4.598e-07
   1600   3.900e-01  -8.432e-01  -4.53243e-01  150.64  -5.752e-06
   1700   3.617e-01  -8.150e-01  -4.53242e-01  139.73  1.743e-06
   1800   3.773e-01  -8.305e-01  -4.53231e-01  145.73  -7.294e-06
   1900   3.760e-01  -8.292e-01  -4.53255e-01  145.24  -1.006e-05
   2000   3.654e-01  -8.187e-01  -4.53211e-01  141.17  -5.034e-06
   2100   3.719e-01  -8.251e-01  -4.53273e-01  143.65  -2.161e-07
   2200   3.833e-01  -8.366e-01  -4.53273e-01  148.07  -2.888e-06
   2300   4.059e-01  -8.592e-01  -4.53271e-01  156.80  -8.254e-06
   2400   3.722e-01  -8.255e-01  -4.53326e-01  143.79  1.446e-06
   2500   3.736e-01  -8.268e-01  -4.53267e-01  144.30  -3.268e-06
   2600   3.907e-01  -8.439e-01  -4.53235e-01  150.90  -5.026e-06
   2700   3.959e-01  -8.491e-01  -4.53196e-01  152.92  -2.116e-06
   2800   3.835e-01  -8.367e-01  -4.53225e-01  148.13  3.769e-06
   2900   3.856e-01  -8.388e-01  -4.53215e-01  148.95  -3.530e-06
   3000   3.722e-01  -8.254e-01  -4.53181e-01  143.78  -4.158e-06
   3100   3.975e-01  -8.507e-01  -4.53242e-01  153.53  -1.785e-05
   3200   3.768e-01  -8.300e-01  -4.53251e-01  145.54  -2.365e-06
   3300   3.721e-01  -8.253e-01  -4.53232e-01  143.73  -7.462e-07
   3400   3.726e-01  -8.259e-01  -4.53299e-01  143.95  -2.502e-06
   3500   3.875e-01  -8.408e-01  -4.53282e-01  149.68  -6.351e-06
   3600   3.914e-01  -8.447e-01  -4.53300e-01  151.19  -3.793e-06
   3700   3.863e-01  -8.396e-01  -4.53278e-01  149.24  -6.788e-06
   3800   3.713e-01  -8.246e-01  -4.53263e-01  143.43  -9.361e-08
   3900   3.693e-01  -8.226e-01  -4.53284e-01  142.64  -3.138e-06
   4000   3.737e-01  -8.270e-01  -4.53264e-01  144.36  -8.957e-06
   4100   3.690e-01  -8.223e-01  -4.53243e-01  142.55  -1.168e-05
   4200   3.660e-01  -8.192e-01  -4.53250e-01  141.38  -9.968e-06
   4300   3.898e-01  -8.431e-01  -4.53299e-01  150.56  -1.663e-05
   4400   3.516e-01  -8.048e-01  -4.53204e-01  135.81  -2.057e-06
   4500   3.948e-01  -8.481e-01  -4.53245e-01  152.52  -1.022e-05
   4600   3.739e-01  -8.271e-01  -4.53274e-01  144.42  -2.135e-06
   4700   3.769e-01  -8.302e-01  -4.53292e-01  145.58  -8.460e-06
   4800   3.841e-01  -8.374e-01  -4.53309e-01  148.36  -7.663e-06
   4900   3.932e-01  -8.464e-01  -4.53224e-01  151.89  -3.541e-06
   5000   3.705e-01  -8.238e-01  -4.53247e-01  143.12  2.895e-06
   5100   3.690e-01  -8.223e-01  -4.53245e-01  142.56  -1.509e-07
   5200   3.930e-01  -8.463e-01  -4.53279e-01  151.81  -1.311e-05
   5300   3.756e-01  -8.288e-01  -4.53209e-01  145.09  -1.033e-05
   5400   3.929e-01  -8.462e-01  -4.53262e-01  151.77  -1.493e-05
   5500   3.772e-01  -8.304e-01  -4.53232e-01  145.71  -7.380e-07
   5600   3.671e-01  -8.204e-01  -4.53292e-01  141.80  6.178e-06
   5700   3.797e-01  -8.330e-01  -4.53267e-01  146.68  -4.271e-07
   5800   4.040e-01  -8.573e-01  -4.53239e-01  156.07  -3.060e-06
   5900   4.028e-01  -8.561e-01  -4.53266e-01  155.59  1.876e-06
   6000   4.105e-01  -8.638e-01  -4.53302e-01  158.58  5.623e-06
   6100   4.072e-01  -8.604e-01  -4.53254e-01  157.28  -3.494e-06
   6200   3.955e-01  -8.487e-01  -4.53274e-01  152.76  -4.872e-07
   6300   3.971e-01  -8.504e-01  -4.53259e-01  153.40  3.800e-07
   6400   3.678e-01  -8.210e-01  -4.53226e-01  142.08  1.342e-05
   6500   3.936e-01  -8.469e-01  -4.53261e-01  152.05  -1.667e-06
   6600   3.678e-01  -8.211e-01  -4.53300e-01  142.07  2.812e-07
   6700   3.975e-01  -8.508e-01  -4.53231e-01  153.57  -1.628e-05
   6800   3.829e-01  -8.362e-01  -4.53275e-01  147.91  -1.066e-05
   6900   3.824e-01  -8.357e-01  -4.53293e-01  147.70  -8.384e-06
   7000   4.048e-01  -8.581e-01  -4.53363e-01  156.35  -1.653e-05
   7100   3.809e-01  -8.342e-01  -4.53289e-01  147.14  -6.697e-06
   7200   3.767e-01  -8.300e-01  -4.53279e-01  145.53  -2.949e-07
   7300   3.658e-01  -8.190e-01  -4.53259e-01  141.30  7.353e-06
   7400   3.866e-01  -8.399e-01  -4.53279e-01  149.35  -6.391e-06
   7500   4.073e-01  -8.605e-01  -4.53222e-01  157.33  -1.190e-05
   7600   3.594e-01  -8.126e-01  -4.53205e-01  138.83  6.522e-06
   7700   3.630e-01  -8.162e-01  -4.53209e-01  140.22  -1.204e-06
   7800   3.867e-01  -8.399e-01  -4.53244e-01  149.38  -1.674e-05
   7900   3.676e-01  -8.209e-01  -4.53219e-01  142.02  -3.943e-06
   8000   3.458e-01  -7.991e-01  -4.53281e-01  133.58  9.081e-06
   8100   3.844e-01  -8.376e-01  -4.53216e-01  148.47  -4.371e-06
   8200   3.800e-01  -8.333e-01  -4.53325e-01  146.79  4.393e-07
   8300   3.837e-01  -8.370e-01  -4.53318e-01  148.22  -4.200e-06
   8400   3.765e-01  -8.298e-01  -4.53280e-01  145.45  -3.207e-06
   8500   3.724e-01  -8.257e-01  -4.53269e-01  143.86  -4.930e-06
   8600   3.789e-01  -8.322e-01  -4.53295e-01  146.37  -7.630e-06
   8700   3.803e-01  -8.335e-01  -4.53256e-01  146.89  -9.816e-06
   8800   3.920e-01  -8.452e-01  -4.53194e-01  151.44  -1.465e-05
   8900   3.924e-01  -8.456e-01  -4.53196e-01  151.58  -1.091e-05
   9000   3.795e-01  -8.327e-01  -4.53251e-01  146.59  -1.564e-06
   9100   3.998e-01  -8.530e-01  -4.53246e-01  154.44  -1.254e-05
   9200   3.795e-01  -8.328e-01  -4.53230e-01  146.61  -9.185e-06
   9300   3.861e-01  -8.394e-01  -4.53245e-01  149.16  -2.475e-06
   9400   3.850e-01  -8.382e-01  -4.53171e-01  148.72  2.148e-06
   9500   4.102e-01  -8.634e-01  -4.53188e-01  158.46  -6.839e-06
   9600   3.780e-01  -8.313e-01  -4.53282e-01  146.03  6.298e-06
   9700   3.968e-01  -8.501e-01  -4.53265e-01  153.28  1.330e-06
   9800   3.677e-01  -8.210e-01  -4.53256e-01  142.06  1.281e-05
   9900   3.981e-01  -8.514e-01  -4.53268e-01  153.78  -1.215e-05
  10000   3.562e-01  -8.095e-01  -4.53274e-01  137.60  6.606e-06
Simulation Complete!
Total simulation time:              3.170 secs
Force/energy time:                  3.124 secs (98.55%)
Position/velocity update time:      0.023 secs ( 0.72%)
Thermo/trajectory output time:      0.021 secs ( 0.67%)
